1.155887347319701774e+00
3.440149787121404046e+01
-9.916313908963360291e+00
5.334819274523304067e+00
-4.017403638789675213e+00
4.565618213709903728e+00
9.484955543412420198e+00
2.603354856978036480e+00
1.873809567922575781e+01
-1.323755726346648842e+00
-7.493143824641848028e-01
9.304571471427360407e+00
5.390405305509728962e-01
-5.425178754211923859e+00
1.593275199801362163e+01
2.571141938163856722e+00
-1.323979034417126854e+01
-4.084840258386845946e-01
1.244565689585389201e+01
1.214408519374165607e+01
8.301297144865333877e+00
5.342208529592178401e+00
-1.120341042671795506e+01
6.548451717089469604e+00
6.867478724328097250e+00
3.289015635257874770e+00
6.787403316007569742e+00
2.125645429897286220e+01
1.701804132407163905e+01
1.246792868972995194e+01
7.217134578044730908e+00
1.249320271905522617e+01
-2.144054297006412924e+00
1.640932123920749053e+00
2.308875628691260840e+00
-7.240206947409985716e+00
1.097859847241495501e+01
-1.245871336357713943e+01
1.140944068868969552e+01
-2.631024338938123819e-01
5.606565360880545690e+00
5.481822975828062106e+00
1.906265023233600253e+00
1.258664130585830065e+01
-3.623425543817958783e+00
1.295810212849556642e+01
5.695301902324245269e+00
1.965560875916019867e+01
-9.515796502771102894e+00
2.080870631260982506e+01
1.886789108722956954e+01
-1.277612025690871889e+01
5.260611448126630840e+00
1.753510334662794889e+01
1.708702845010981264e+01
-4.667228299521594792e+00
-1.870114759919893288e+00
-1.836726710288703046e-01
4.304653041377646261e-01
2.043587029918231934e+00
3.096818262491416451e+00
7.130931178385862879e+00
4.709849890012876017e+00
1.044189260218152171e+01
-2.120357253571736322e-01
1.560640072476034312e+01
1.560880189847040356e+00
6.510121969684800725e+00
1.244885912784476112e+01
-4.936289614106923906e+00
1.124061862441146964e+01
1.095347571541867993e+01
4.061156388727840572e+00
2.223368864121903954e+01
1.388002193115310945e+01
-5.176063930819170267e+00
1.654666288002761831e+01
2.406283857569794549e+01
-7.276060875094199076e+00
-1.525903366483650458e+01
3.332626481398382801e+00
3.588467909942378853e+00
4.323815743278577095e+00
1.334992830276901898e+01
1.666862001167859120e+01
-5.705294670387161204e+00
8.507348588111902643e+00
-4.828097122459364954e+00
2.343818432588101430e+01
4.715592341890948447e+00
-3.088251890974005320e+00
5.494556220780513200e+00
-2.368271892586983007e+00
-3.493828641182030736e-01
2.617326580608202846e+01
9.666371034196696854e+00
4.408771252783085792e+00
1.918189683935443313e+00
-4.582359776683942343e+00
1.105990355321964635e+01
